73
86
39
13
54
55
90
72
30
32
5
42
69
35
82
56
31
41
65
87
38
68
98
77
77
22
31
79
0
13
32
21
4
46
48
61
75
61
52
0
31
98
28
19
33
94
24
18
73
1
9
88
43
8
52
18
8
81
70
30
73
14
96
0
46
63
43
64
7
72
80
99
94
82
98
1
0
43
14
16
65
97
20
14
51
56
26
13
71
68
71
27
32
33
75
54
8
59
4
42
97
90
76
42
77
22
66
94
3
24
11
75
23
37
72
41
12
25
54
49
64
60
17
74
32
97
10
94
51
68
4
35
6
38
21
77
22
88
51
56
41
25
37
18
54
28
24
13
33
90
69
79
12
1
69
20
98
3
64
49
81
95
17
56
93
57
47
23
55
65
66
82
35
0
45
97
32
72
37
63
35
83
46
74
60
43
93
7
17
18
34
47
87
27
33
71
2
57
81
49
45
65
96
91
0
63
14
1
16
11
1
13
5
64
82
11
82
26
90
56
73
10
28
91
25
50
71
5
70
48
84
22
20
27
82
37
65
73
2
86
81
42
61
24
32
82
85
50
63
9
41
91
51
7
94
17
35
58
71
11
32
13
19
19
60
25
39
39
41
91
18
39
60
52
30
61
15
84
90
38
87
30
13
48
70
6
63
70
68
56
61
63
1
89
27
39
29
97
63
92
16
32
69
37
37
99
11
2
98
58
18
23
25
23
54
35
3
30
79
33
6
92
38
74
88
95
4
7
67
64
50
58
55
4
17
55
53
73
88
28
18
28
33
70
71
24
8
9
69
39
64
40
56
46
24
65
62
75
2
70
13
61
96
24
41
19
11
86
62
99
21
92
30
75
34
95
52
27
99
80
56
69
56
48
69
57
49
38
34
29
40
21
65
78
29
46
43
58
30
66
5
85
98
24
15
58
86
5
83
14
84
53
25
49
28
27
87
38
40
83
92
70
71
27
1
53
26
20
0
95
3
94
77
38
96
74
92
73
0
9
10
62
53
65
91
26
95
69
28
25
45
86
52
45
66
1
27
31
29
73
16
77
38
26
64
39
53
20
17
57
58
30
95
63
64
10
35
76
42
9
85
2
80
89
64
66
10
87
69
52
80
35
32
85
78
51
33
53
99
40
3
25
94
32
31
5
32
94
84
80
97
80
54
12
29
74
41
30
7
12
12
91
86
37
3
13
64
44
71
97
41
32
5
57
72
61
51
92
93
51
50
73
63
5
15
65
89
71
73
99
48
36
44
6
63
39
50
60
80
50
4
98
67
46
40
17
17
86
81
55
15
18
6
67
53
45
52
55
66
86
87
51
46
96
5
27
64
77
24
74
53
53
34
87
93
29
15
70
33
22
66
19
43
80
27
94
91
27
25
79
58
53
76
42
17
96
23
39
7
91
90
67
84
16
87
67
88
12
94
83
92
87
1
44
99
32
94
71
44
68
74
92
48
39
35
14
48
7
70
18
74
85
74
72
33
4
9
51
34
37
26
76
97
49
40
77
1
37
74
89
53
95
38
76
76
95
53
85
4
49
54
27
91
55
31
28
83
92
21
91
77
95
50
2
17
57
50
96
40
81
87
68
70
57
47
57
78
11
77
95
61
44
67
71
36
2
26
68
19
52
91
94
48
21
23
28
3
2
95
87
36
54
58
1
30
70
19
60
91
42
27
6
42
81
80
58
12
8
77
54
77
58
51
34
83
13
68
54
73
37
66
75
41
82
22
42
78
17
12
84
97
16
64
64
20
86
59
12
72
10
32
44
48
35
80
37
14
74
53
72
24
46
0
95
75
92
92
97
94
82
44
67
66
41
47
92
83
31
94
89
90
84
38
54
81
34
32
68
49
52
83
11
11
32
34
13
63
12
31
62
73
34
36
39
45
60
8
14
58
76
22
20
96
54
3
30
64
32
94
42
93
7
69
30
68
75
42
23
91
73
16
95
64
93
84
1
82
11
36
11
2
59
59
34
0
97
96
86
4
72
69
97
36
55
24
1
32
88
25
70
89
89
70
14
15
98
24
85
21
97
23
46
99
19
78
3
80
51
40
97
14
16
7
59
40
16
67
33
6
35
75
78
52
83
93
55
77
57
60
19
19
98
4
71
16
30
41
91
15
17
7
95
18
44
38
1
52
58
75
77
47
67
40
7
60
43
46
60
51
12
4
42
14
50
47
70
90
32
68
58
21
84
34
1
19
33
87
51
12
65
82
37
59
69
60
80
33
37
84
39
56
52
99
24
64
21
4
20
97
2
